PDE  1999 01 01 00 00 00.00  28.51 -110.85 512.50 4.2 4.2 homog_test
event name:       homog_test
time shift:       0.000
half duration:    0.3
latorUTM:         28.51
longorUTM:     -110.85
depth:          520.0
Mrr:       1.258900e+5
Mtt:       1.258900e+5
Mpp:       1.258900e+10
Mrt:       0.000000e0
Mrp:       0.000000e0
Mtp:      1.258900e+5
